
IPTG = [0
5.00E-04
0.005
0.012
0.053
0.216
1];

IPTGm = IPTG.*10^6;

nBeta = [1.13E-08
1.25E-08
2.43E-08
3.97E-08
5.10E-08
5.52E-08
5.52E-08];
